131074
393222
655370
1048592
1376277
1703962
2031647
2293795
2555943
2687017
2752554
2752554
2621480
2424869
2097184
1769499
1376277
983055
589833
131074
65537
196611
327685
393222
393222
393222
327685
196611
196611
655370
1048592
1310740
1441814
1441814
1376277
1245203
983055
589833
196611
262148
1769499
3473461
5177423
6946922
8650884
10223772
11600049
12648641
13369548
13697233
13500622
12976326
11993271
10682531
9109643
7340144
5505108
3670072
1835036
131074
524296
917518
1179666
1376277
1376277
1179666
917518
458759
1048592
1835036
2424869
2752554
2949165
2883628
2621480
2228258
1638425
917518
2424869
5374034
8454273
11600049
14680288
17563916
20185396
22217043
23724394
24510838
24510838
23789931
22348117
20250933
17629453
14614751
11468975
8192125
4980812
1900573
655370
1376277
1900573
2228258
2359332
2162721
1769499
1114129
131074
1048592
2359332
3342387
3997757
4325442
4390979
4128831
3670072
2883628
1900573
720907
2752554
6750311
11141290
15597806
20054322
24314227
28115373
31326686
33751555
35127832
35521054
34800147
33030648
30343631
26870170
22806876
18350360
13762770
9109643
4718664
589833
720907
1769499
2621480
3145776
3342387
3211313
2752554
1900573
655370
851981
2687017
4128831
5111886
5701719
5898330
5701719
5177423
4259905
3080239
1638425
2949165
8061051
13631696
19398952
25166208
30736853
35848739
40174181
43516568
45613752
46465733
45875900
43975327
40764014
36569646
31523297
25887115
19988785
14024918
8257662
2818091
720907
2162721
3276850
3997757
4325442
4259905
3735609
2752554
1310740
524296
2949165
4849738
6226015
7077996
7405681
7340144
6750311
5767256
4390979
2621480
655370
3407924
9568402
16253176
23265635
30343631
37159479
43451031
48890602
53150507
56034135
57344875
56951653
54854469
51315471
46400196
40370792
33686018
26542485
19267878
12189882
5505108
851981
2555943
3932220
4849738
5374034
5308497
4718664
3604535
1966110
196611
3145776
5505108
7274607
8388736
8913032
8913032
8323199
7274607
5701719
3735609
1441814
4325442
11534512
19398952
27591077
35848739
43909790
51315471
57803634
62981057
66454518
68158480
67896332
65668074
61670317
56099672
49218287
41419384
33096185
24576375
16253176
8323199
983055
1114129
3145776
4718664
5832793
6357089
6357089
5701719
4456516
2490406
65537
3538998
6357089
8454273
9765013
10485920
10485920
9896087
8716421
7012459
4784201
2228258
5963867
14287066
23200098
32571889
42074754
51249934
59769744
67109888
73008218
77071512
79037622
78775474
76350605
71828552
65471463
57672560
48825065
39387737
29688261
20119859
11010216
2555943
1572888
3866683
5636182
6881385
7471218
7405681
6684774
5177423
2883628
196611
4194368
7340144
9699476
11272364
12058808
12124345
11468975
10158235
8192125
5767256
2883628
131074
8585347
17957138
28049836
38601293
49218287
59442059
68879387
77071512
83559675
87950654
89982301
89589079
86705451
81528028
74384495
65602537
55640913
45023919
34144777
23462246
13238474
3801146
2359332
4849738
6750311
7995514
8585347
8454273
7471218
5701719
3080239
786444
5111886
8585347
11141290
12845252
13697233
13697233
12910789
11468975
9306254
6619237
3407924
2883628
12452030
22937950
34210314
45875900
57541486
68748313
78972085
87754043
94569891
99026407
100992517
100140536
96667075
90703208
82576620
72680533
61604780
49873657
37880386
26083726
14876899
4587590
393222
3538998
6094941
8061051
9306254
9765013
9437328
8192125
6029404
2949165
1835036
6488163
10158235
12845252
14549214
15335658
15270121
14352603
12648641
10223772
7209070
3670072
7012459
17694990
29426113
41878143
54592321
67240962
79234233
90113375
99223018
106169940
110429845
111937196
110429845
106038866
99026407
89785690
78709937
66520055
53543729
40501866
27722151
15663343
4587590
1769499
4980812
7602292
9502865
10616994
10879142
10223772
8585347
5963867
2293795
3473461
8323199
12058808
14745825
16449787
17105157
16777472
15597806
13631696
10879142
7536755
3604535
1966110
12714178
24707449
37683775
51249934
65012704
78513326
91161967
102368794
111543974
118228748
122029894
122685264
120129321
114624213
106366551
95749557
83494138
69993516
55968598
41878143
28246447
15401195
3735609
3670072
6881385
9437328
11141290
12058808
11927734
10879142
8716421
5439571
1114129
5767256
10616994
14352603
16908546
18415897
18809119
18219286
16777472
14418140
11272364
7536755
3211313
8323199
20447544
33751555
47907547
62653372
77333660
91555189
104531515
115738342
124651374
130680778
133498869
132974573
129042353
122029894
112264881
100271610
86574377
71894089
56755042
41747069
27394466
14024918
1900573
2162721
5963867
9044106
11403438
12845252
13304011
12779715
11075753
8257662
4259905
2555943
8585347
13304011
16843009
19202341
20382007
20447544
19464489
17563916
14745825
11206827
7012459
2359332
4653127
16843009
30343631
45023919
60425114
76153994
91620726
106169940
119211803
130090945
138217533
143132808
144574622
142411901
136775719
127993761
116524786
102893090
87819580
71959626
55837524
40108644
25166208
11468975
655370
4980812
8585347
11468975
13435085
14483677
14418140
13172937
10748068
7143533
2228258
5963867
11796660
16318713
19530026
21496136
22282580
21889358
20447544
18088212
14811362
10748068
6160478
1048592
1310740
13435085
27132318
42140291
58131319
74646643
91227504
107152995
121833283
134612998
144705696
151652618
155126079
154798394
150800637
143198345
132581351
119277340
104138293
87688506
70714423
53805877
37487164
22151506
8257662
3735609
7929977
11272364
13828307
15335658
15794417
15073510
13107400
9830550
5308497
2621480
9568402
15139047
19333415
22151506
23724394
24052079
23200098
21233988
18350360
14614751
10092698
5111886
10223772
23921005
39060052
55444302
72680533
90178912
107349606
123537245
138020922
150079730
159123836
164628944
166332906
164039111
158009707
148441305
135858201
120850228
104203830
86574377
68617239
51053323
34341388
18809119
4849738
2555943
7143533
11010216
14090455
16122102
17105157
16908546
15401195
12517567
8323199
2687017
6684774
13369548
18546971
22348117
24707449
25756041
25559430
24183153
21692747
18284823
14024918
9109643
3670072
7274607
20840766
36110887
52757285
70452275
88737098
106956384
124454763
140576865
154470709
165480925
173083217
176818826
176491141
172100162
163842500
152176914
137693237
121046839
103024164
84346119
65668074
47579862
30605779
15007973
1179666
1179666
6226015
10616994
14155992
16711935
18219286
18481434
17498379
15073510
11272364
6029404
3014702
10879142
17170694
21954895
25297282
27132318
27722151
26935707
25035134
22020432
18088212
13369548
8061051
2293795
4194368
17563916
32768500
49480435
67568647
86377766
105514570
124258152
141822068
157485411
170527274
180292287
186256154
188091190
185600784
179047084
168626701
154995005
138741829
120588080
101385739
81790176
62522298
44106401
27001244
11468975
4915275
9765013
13828307
16974083
19005730
19857711
19464489
17629453
14287066
9502865
3145776
7077996
14614751
20644155
25035134
27918762
29360576
29426113
28246447
25821578
22348117
18022675
12910789
7209070
1179666
589833
13500622
28311984
44958382
63112131
82314472
102106646
121898820
140904550
158337392
173541976
185666321
194055057
198446036
198380499
193989520
185469710
173214291
157813096
140052569
120653617
100402684
80086214
60294040
41615995
24379764
8978569
3145776
8454273
13041863
16777472
19464489
21037377
21233988
20054322
17432842
13238474
7471218
65537
1703962
10682531
18022675
23724394
27853225
30409168
31457760
31130075
29491650
26673559
22872413
18153749
12714178
6750311
524296
8781958
23003487
39256663
57148264
76481679
96732612
117311230
137562163
156764504
174000735
188549949
199756776
206965846
209783937
208145512
201985034
191761262
177867418
160958872
141887605
121440061
100402684
79430844
59245448
40239718
22937950
7536755
786444
6553700
11731123
16056565
19464489
21692747
22741339
22348117
20513081
17105157
12058808
5374034
4915275
13828307
21037377
26542485
30409168
32702963
33489407
32834037
30867927
27722151
23593320
18546971
12910789
6750311
393222
3670072
17039620
32571889
50004731
69075998
89392468
110560919
131794907
152439062
171641403
188681023
202705941
212995250
219090191
220663079
217582840
209980548
198249425
182979304
164825555
144705696
123275097
101516813
79955140
59376522
40108644
22675802
7209070
4063294
9699476
14680288
18809119
21889358
23724394
24248690
23331172
20840766
16711935
10879142
3342387
7602292
16515324
23658857
29098428
32834037
34931221
35455517
34603536
32375278
29032891
24641912
19398952
13566159
7274607
786444
10748068
25231745
41812606
60294040
80413899
101647887
123537245
145295529
166267369
185600784
202443793
215944415
225578354
230755777
231280073
226954631
218172673
205261884
188812097
169675293
148572379
126420873
103941682
81855713
60818336
41288310
23593320
7995514
917518
7012459
12583104
17432842
21299525
24117616
25559430
25690504
24248690
21168451
16384250
9896087
1572888
9765013
18743582
25952652
31392223
35062295
37093942
37487164
36504109
34144777
30605779
26083726
20709692
14745825
8388736
1835036
4522053
17629453
33030648
50594564
69993516
90965356
112985788
135530516
157813096
179112621
198511573
215223508
228461982
237571625
242093678
241765993
236588570
226889094
212995250
195693482
175639160
153749802
130877389
107808365
85198100
63767501
43844253
25821578
10027161
3670072
9765013
15270121
19923248
23658857
26149263
27328929
27066781
25166208
21627210
16253176
9175180
196611
327685
11337901
20578618
27853225
33423870
37159479
39191126
39584348
38535756
36176424
32571889
27918762
22479191
16449787
10027161
3473461
10223772
24117616
40305255
58655615
78841011
100533758
123275097
146409658
169150997
190778207
210373770
227085705
240193105
249040600
253169431
252317450
246615731
236260885
221711671
203688996
183044841
160500113
136972330
113313473
90178912
68158480
47842010
29426113
13238474
6226015
12255419
17694990
22217043
25756041
28115373
29032891
28443058
26214800
22282580
16515324
8847495
983055
12320956
21823821
29426113
35127832
39060052
41222773
41747069
40764014
38404682
34865684
30278094
24838523
18743582
12320956
5701719
3473461
15597806
30081483
46858955
65799148
86639914
108988031
132319203
155978060
179243695
201198590
221121838
238030384
251268858
260050816
264114110
263131055
257101651
246419120
231476684
213060787
191892336
168823312
144771233
120522543
96798149
74253421
53347118
34472462
17760527
3473461
2031647
8454273
14483677
19857711
24314227
27787688
29950409
30736853
29950409
27460003
23200098
17105157
9109643
786444
12648641
22544728
30540242
36635183
40829551
43254420
43975327
43188883
40960625
37552701
33030648
27591077
21627210
15204584
8650884
2162721
7929977
20382007
35324443
52560674
72025163
93324688
116197101
140052569
164170185
187894579
210373770
230690240
248057545
261558167
270733347
274927715
274141271
268177404
257494873
242486900
223808855
202312719
178850473
154339635
129566649
105252422
82117861
60556188
41026162
23724394
8847495
4063294
10420383
16449787
21823821
26280337
29688261
31785445
32440815
31588834
28967354
24510838
18153749
9896087
12189882
22675802
31130075
37683775
42336902
45154993
46203585
45744826
43778716
40501866
36176424
30933464
25035134
18678045
12189882
5701719
1703962
11927734
24641912
39780959
57344875
77071512
98764259
122029894
146278584
170920496
195169186
218172673
239078976
256970577
271126569
280826045
285675783
285348098
279842990
269422607
254611245
235998737
214437064
190778207
165874147
140576865
115672805
91817337
69534757
49218287
31130075
15532269
2359332
5767256
12189882
18153749
23527783
28049836
31457760
33554944
34275851
33358333
30736853
26214800
19792174
11403438
983055
10748068
21954895
31130075
38339145
43516568
46858955
48431843
48300769
46727881
43778716
39715422
34734610
28967354
22741339
16318713
9896087
3866683
5308497
15532269
28246447
43451031
61080484
81003732
102893090
126420873
151062785
176097919
200870905
224464225
246091435
264835017
279777453
290394447
296161703
296685999
291967335
282267859
267915256
249695970
228265371
204475440
179309232
153618728
128124835
103548460
80413899
59245448
40305255
23724394
9699476
851981
7274607
13631696
19661100
25035134
29622724
33096185
35324443
36110887
35324443
32768500
28311984
21954895
13566159
3145776
8323199
20382007
30409168
38339145
44303012
48300769
50463490
50922249
49808120
47317714
43647642
38928978
33423870
27394466
21037377
14745825
8650884
3145776
1114129
8650884
18678045
31261149
46334659
63833038
83756286
105711181
129370038
154208561
179636917
204934199
229248426
251662080
271323180
287445282
299241942
306188864
307958363
304419365
295702944
282267859
264703943
243666566
220073246
194841501
168757775
142674049
117376767
93390225
71238719
51184397
33620481
18481434
5963867
2293795
8585347
14876899
20906303
26345874
30999001
34669073
37093942
38011460
37421627
35062295
30867927
24641912
16449787
6160478
4718664
17760527
28770743
37618238
44434086
49283824
52232989
53412655
52953896
51053323
47842010
43516568
38339145
32571889
26411411
20185396
14090455
8519810
3670072
4587590
11796660
21430599
33620481
48366306
65668074
85329174
107152995
130746315
155781449
181471953
207227994
232197591
255528763
276369529
293736834
307040845
315560655
318903042
316936932
309662325
297537980
280957119
260640649
237506088
212339880
186059543
159517058
133498869
108594809
85329174
64160723
45351604
29032891
15335658
4194368
3604535
9699476
15925491
21954895
27460003
32244204
36110887
38732367
39977570
39649885
37618238
33751555
27853225
19988785
9961624
13893844
26018189
35979813
43844253
49742583
53609266
55640913
55968598
54723395
52101915
48366306
43647642
38208071
32244204
26149263
20119859
14483677
9502865
5439571
2555943
1179666
1507351
3735609
8061051
14745825
23855468
35521054
49742583
66520055
85722396
107284069
130680778
155650375
181537490
207752290
233377257
257625947
279646379
298586572
313529008
323883854
329192351
329192351
323818317
313332397
298193350
278991009
256577355
231804369
205524032
178653862
151980303
126158725
101844498
79430844
59310985
41615995
26476948
13959381
4063294
4849738
10748068
16843009
22806876
28377521
33358333
37421627
40305255
41943680
42009217
40370792
36962868
31523297
24052079
14549214
2818091
8454273
21889358
33161722
42271365
49283824
54264636
57344875
58590078
58196856
56361820
53281581
49087213
44106401
38535756
32637426
26673559
21037377
15925491
11600049
8388736
6553700
6291552
7995514
11665586
17629453
26018189
36962868
50463490
66520055
85132563
106104403
129173427
153880876
179833528
206310476
232525276
257757021
281022656
301535737
318378746
330896313
338498605
340792400
337712161
329388962
316084951
298455498
277221510
253169431
227216779
200215535
173017680
146344121
120915765
97191371
75629698
56361820
39715422
25690504
14221529
5374034
1245203
6226015
11796660
17629453
23527783
29163965
34275851
38535756
41812606
43844253
44368549
43254420
40370792
35586591
28705206
19792174
8650884
1245203
16122102
28836280
39322200
47710936
54002488
58262393
60687262
61342632
60425114
58131319
54657858
50266879
45089456
39518811
33751555
28115373
22872413
18284823
14745825
12386493
11600049
12583104
15532269
20644155
28180910
38142534
50725638
65930222
83690749
103941682
126355336
150669563
176425604
203033626
229707185
255790911
280301749
302453255
321262374
336139273
346231971
351212783
350885098
345117842
334173163
318575357
298979794
276041844
250744562
223939929
196414389
169085460
142674049
117638915
94504354
73663588
55313228
39518811
26345874
15859954
7864440
2293795
65537
3407924
7733366
12845252
18415897
24117616
29753798
34931221
39453274
43057809
45548215
46596807
46138048
43909790
39846496
33686018
25493893
15139047
2621480
8454273
22741339
34865684
44761771
52560674
58262393
61932465
63833038
64029649
62718909
60162966
56427357
51839767
46727881
41222773
35717665
30409168
25624967
21692747
18874656
17432842
17694990
19792174
23986542
30474705
39387737
50856712
65012704
81724639
100992517
122554190
146213047
171575866
197987277
224988521
251727617
277352584
301076978
321983281
339219512
352064764
360060278
362681758
359929204
351868153
338760753
321262374
300028386
275779696
249564896
222104893
194382742
167053813
140839013
116197101
93652373
73466977
55837524
40764014
28443058
18678045
11403438
6488163
3670072
2883628
3801146
6160478
9765013
14221529
19398952
24838523
30278094
35586591
40305255
44237475
47121103
48759528
48890602
47448788
44106401
38863441
31523297
22020432
10354846
15139047
28901817
40501866
49873657
57082727
62260150
65537000
66978814
66782203
65143778
62325687
58459004
53871414
48759528
43451031
38273608
33358333
29163965
25952652
23921005
23462246
24707449
27984299
33423870
41288310
51577619
64553945
80086214
98239963
118884118
141690994
166463980
192613243
219614487
246746805
273289290
298324424
321065763
340595789
356062521
366941663
372774456
373167678
368121329
357897557
342889584
323621706
300945904
275714159
248712915
220859690
192940928
165677536
139790421
115607268
93652373
74122347
57213801
42926735
31261149
22151506
15597806
11272364
9044106
8650884
9961624
12583104
16318713
20906303
25952652
31195612
36373035
41157236
45351604
48628454
50791175
51512082
50725638
48235232
43778716
37356090
28770743
18022675
4980812
6094941
21627210
34865684
45941437
54788932
61539243
66257907
69010461
70124590
69600294
67699721
64685019
60818336
56230746
51249934
46203585
41353847
37028405
33423870
30933464
29819335
30278094
32637426
37093942
43844253
53019433
64750556
79168696
96142779
115672805
137496626
161483168
187108135
213912768
241241697
268439552
294523278
318837505
340399178
358356316
372053549
380901044
384505579
382670543
375527010
363271591
346428582
325653353
301797885
275583085
247992008
219876635
191892336
164891092
139331662
115672805
94307743
75433087
59179911
45613752
34669073
26214800
20250933
16449787
14680288
14745825
16318713
19136804
23003487
27460003
32375278
37356090
42205828
46531270
50070268
52626211
54002488
53871414
52036378
48497380
42926735
35258906
25428356
13369548
12845252
27918762
40698477
51249934
59638670
65864685
70124590
72549459
73270366
72549459
70452275
67372036
63439816
58983300
54199099
49480435
45089456
41288310
38404682
36700720
36504109
38011460
41484921
47186640
55247691
65799148
78906548
94635428
112985788
133826554
156830041
181734101
208145512
235408904
262934444
289870151
315429581
338760753
358946149
375330399
387127059
393942907
395384721
391452501
382211784
368055792
349574358
327488389
302518792
275583085
247598786
219221265
191368040
164628944
139462736
116393712
95684020
77464734
61932465
49021676
38732367
30933464
25493893
22217043
20840766
21233988
23003487
25952652
29819335
34210314
38928978
43582105
47907547
51708693
54592321
56427357
56886116
55771987
52953896
48300769
41550458
32702963
21627210
8257662
2555943
19398952
34013703
46334659
56361820
64291797
70124590
73991273
76088457
76547216
75564161
73401440
70255664
66388981
62063539
57607023
53281581
49414898
46203585
44040864
43254420
43975327
46596807
51184397
58131319
67437573
79365307
93783447
110888604
130549704
152504599
176556678
202312719
229313963
256905040
284365043
310907528
335746051
357963094
376772213
391386964
401348588
406067252
405477419
399448015
388306725
372512308
352523523
329257888
303436310
275910770
247598786
219155728
191499114
165022166
140380254
117835526
97715667
80151751
65274852
52953896
43319957
36045350
31130075
28246447
27263392
27853225
29819335
32834037
36569646
40829551
45220530
49480435
53347118
56492894
58655615
59704207
59245448
57213801
53347118
47579862
39649885
29557187
17301768
2687017
9371791
25756041
39912033
51774230
61408169
68879387
74318958
77857956
79627455
79889603
78775474
76547216
73401440
69665831
65602537
61473706
57607023
54264636
51774230
50463490
50529027
52298526
55968598
61801391
69927979
80544973
93783447
109577864
127928224
148703453
171772477
196742074
223219022
250613488
278335639
305599031
331617220
355538225
376510065
393811833
406722622
414718136
417405153
414783673
406853696
393942907
376575602
355276077
330961850
304419365
276435066
247926471
219548950
192088947
166005221
141822068
119867173
100402684
83428601
69207072
57541486
48366306
41681532
37159479
34669073
33948166
34734610
36766257
39780959
43385494
47383251
51446545
55247691
58524541
61014947
62456761
62653372
61277095
58196856
53281581
46334659
37290553
26018189
12452030
15991028
31982056
45679289
57148264
66323444
73466977
78578863
81790176
83363064
83428601
82248935
80020677
77005975
73466977
69665831
65995759
62587835
59900818
58196856
57672560
58655615
61473706
66257907
73270366
82642157
94569891
108988031
126027651
145623214
167512572
191499114
217255155
244256399
271913013
299635164
326505334
351802616
374740566
394401666
410065009
421206299
427235703
428022147
423500094
413735081
399185867
380376748
357963094
332796886
305664568
277352584
248712915
220466468
193268613
167643646
143984789
122619727
103745071
87426358
73729125
62653372
54002488
47776473
43647642
41419384
40960625
41812606
43909790
46793418
50266879
53936951
57541486
60883873
63505353
65274852
65930222
65209315
62915520
58852226
52822822
44761771
34472462
21954895
7209070
4784201
22610265
38208071
51512082
62522298
71304256
78054567
82838768
85853470
87229747
87164210
85919007
83756286
80872658
77595808
74187884
70976571
68224017
66192370
65274852
65668074
67699721
71566404
77530271
85787933
96470464
109643401
125372281
143657104
164432333
187370283
212274343
238685754
266080220
293867908
321327911
347673785
372119086
393746296
411900045
425859426
435100143
439163437
437918234
431364534
419830022
403707920
383522524
360060278
334107626
306451012
277942417
249302748
221252912
194448279
169347608
146278584
125503355
107284069
91620726
78578863
68092943
60031892
54199099
50463490
48562917
48235232
49218287
51249934
54002488
57213801
60490651
63636427
66388981
68355091
69338146
69075998
67372036
63964112
58786689
51577619
42271365
30736853
16974083
851981
12648641
30015946
45023919
57738097
68224017
76612753
82904305
87295284
89982301
91096430
90965356
89720153
87622969
84935952
81986787
78972085
76350605
74253421
73073755
73073755
74515569
77661345
82838768
90113375
99747314
111806122
126420873
143591567
163187130
185142025
209128567
234884608
261885852
289542466
317264617
344331398
369825291
393090926
413210785
429529498
441457232
448404154
450239190
446700192
438049308
424548686
406722622
385160949
360584574
333845478
305795642
277155973
248647378
220990764
194710427
170199589
147851472
127862687
110429845
95618483
83297527
73466977
65995759
60752799
57410412
55837524
55706450
56755042
58721152
61277095
64160723
67044351
69600294
71631941
72746070
72811607
71566404
68748313
64226260
57738097
49218287
38535756
25624967
10420383
2621480
21561673
38208071
52560674
64685019
74581106
82314472
88147265
92145022
94504354
95421872
95159724
93848984
91882874
89458005
86902062
84411656
82445546
81200343
80938195
81986787
84673804
89130320
95618483
104400441
115541731
129173427
145295529
163908037
184879877
208014438
233049572
259526520
286920986
314708674
342103140
368449014
392828778
414521525
432806348
446962340
456399668
460856184
460135277
454171410
443226731
427628925
408033362
385095412
359470445
332075979
303698458
275058789
246812342
219680024
194055057
170396200
148900064
129894334
113379010
99419629
87950654
78906548
72156237
67437573
64619482
63308742
63374279
64488408
66388981
68682776
71173182
73466977
75367550
76612753
76809364
75826309
73401440
69338146
63439816
55509839
45548215
33358333
18874656
2097184
12976326
31195612
47055566
60621725
72025163
81200343
88343876
93586836
97125834
99157481
99812851
99419629
98174426
96404927
94307743
92210559
90441060
89195857
88868172
89720153
92079485
96077242
101975572
110102160
120457006
133236721
148506842
166267369
186387228
208735345
233049572
259002224
286069005
313725619
341316696
368121329
393353074
416291024
436083198
452074226
463674275
470424586
472063011
468524013
459938666
446569118
428874128
407574603
383194839
356717891
328799129
300224997
271716402
243928714
217451766
192678780
169937441
149489897
131532759
116066027
103089701
92538244
84346119
78316715
74187884
71763015
70845497
71042108
72156237
73860199
75826309
77792419
79496381
80544973
80807121
79955140
77792419
74056810
68551702
61146021
51708693
40108644
26280337
10158235
4718664
24314227
41550458
56558431
69272609
79824066
88278339
94766502
99419629
102499868
104203830
104662589
104269367
103089701
101582350
99943925
98436574
97387982
97125834
97912278
100009462
103745071
109250179
116786934
126617484
138741829
153291043
170265126
189664078
211291288
234950145
260378501
287052060
314512063
342103140
369235458
394991499
418781430
439753270
457251649
470555660
479272081
482942153
481565876
475077713
463674275
447879858
428087684
405084197
379524767
352261375
323949391
295440796
267259886
240127568
214502601
190712670
169085460
149817582
133040110
118753044
106890847
97322445
90047838
84739341
81200343
79234233
78513326
78841011
79889603
81265880
82838768
84149508
85067026
85198100
84346119
82248935
78709937
73532514
66454518
57410412
46269122
32899574
17236231
17694990
36241961
52495137
66520055
78251178
87885117
95552946
101320202
105449033
108070513
109446790
109774475
109381253
108463735
107284069
106169940
105449033
105383496
106169940
108267124
111806122
117049082
124323689
133629943
145295529
159254910
175639160
194448279
215485656
238620217
263458740
289739077
316936932
344528009
371725864
397875127
422254891
444144249
462756757
477437045
487726354
493165925
493559147
488971557
479403155
465247163
446962340
425269593
400693218
374085196
346231971
317788913
289476929
261885852
235605515
211029140
188418875
168036868
150079730
134547461
121440061
110691993
102172183
95749557
91161967
88212802
86574377
86115618
86377766
87229747
88212802
89195857
89785690
89720153
88802635
86639914
83166453
78120104
71238719
62456761
51577619
38535756
23265635
5701719
11600049
31326686
48693991
63833038
76743827
87491895
96273853
103089701
108201587
111740585
113968843
115148509
115410657
115148509
114558676
113903306
113510084
113706695
114689750
116852471
120391469
125503355
132581351
141625457
152897821
166463980
182455008
200739831
221252912
243863177
268308478
294261130
321131300
348525766
375789158
402135032
426908018
449387209
468851698
484646115
496115090
502996475
504897048
501816809
493821295
481172654
464329645
443751027
420223244
394401666
367007200
338826290
310514306
282661081
255921985
230690240
207293531
185994006
167053813
150472952
136316960
124454763
114886361
107415143
101844498
97912278
95487409
94176669
93717910
93914521
94373280
94832039
95094187
94700965
93521299
91293041
87754043
82642157
75891846
67240962
56492894
43647642
28639669
11337901
6094941
26804633
45220530
61408169
75367550
87098673
96863686
104662589
110691993
115148509
118228748
120129321
121177913
121505598
121505598
121374524
121440061
121964357
123275097
125568892
129238964
134416387
141363309
150341878
161417631
174721642
190384985
208276586
228461982
250744562
274796641
300356071
327029630
354227485
381359803
407836751
432806348
455744298
475733083
492313944
504765974
512695951
515841727
514006691
507321917
495984016
480320673
460856184
438245919
413145248
386275078
358421853
330240943
302322181
275255400
249564896
225512817
203557922
183765748
166332906
151193859
138414144
127862687
119473951
112920251
108136050
104859200
102762016
101647887
101123591
100992517
100992517
100730369
100009462
98502111
96077242
92341633
87098673
80282825
71566404
60949410
48169695
33227259
15991028
1441814
23003487
42336902
59442059
74253421
86967599
97584593
106301014
113182399
118490896
122357579
125044596
126748558
127797150
128386983
128780205
129370038
130287556
131925981
134547461
138414144
143722641
150800637
159779206
170789422
184027896
199494628
217189618
237112866
259067761
282857692
308154974
334566385
361567629
388568873
414980284
440080955
463215516
483597523
500637143
513744543
522460964
526524258
525737814
520036095
509746786
495066498
476585064
454826780
430447016
404101142
376575602
348591303
320672541
293474686
267456497
243011196
220466468
200018924
181865175
165939684
152373525
140970087
131729370
124389226
118753044
114689750
111806122
109971086
108791420
108070513
107480680
106759773
105580107
103679534
100861443
96863686
91424115
84411656
75564161
64816093
51970841
37028405
19792174
393222
20054322
40174181
58065782
73729125
87229747
98633185
108136050
115803879
121898820
126486410
129894334
132319203
134023165
135202831
136251423
137300015
138741829
140839013
143853715
147982546
153618728
160827798
169937441
181013194
194251668
209718400
227347853
247140027
268898311
292491631
317461228
343610491
370349587
397154220
423369020
448404154
471473178
491920722
509222490
522592038
531767218
536354808
536158197
531111848
521477909
507518528
489692464
468458476
444603008
418650356
391386964
363533739
335614977
308351585
282071248
257298262
234294775
213388472
194644890
178129566
163908037
151849229
141953142
133957628
127731613
123012949
119539488
117180156
115476194
114296528
113247936
112133807
110626456
108463735
105383496
101189128
95552946
88409413
79496381
68682776
55771987
40829551
23593320
4194368
16253176
36766257
54985543
70976571
84804878
96536001
106301014
114230991
120457006
125241207
128780205
131336148
133040110
134285313
135202831
136251423
137562163
139462736
142280827
146213047
151521544
158468466
167250424
178064029
190974818
206048328
223415633
242880122
264441795
287772967
312742564
338826290
365630923
392566630
419043578
444406397
467934180
488971557
506797621
520888076
530718626
535961586
536485882
532094903
523050797
509615712
492182870
471276567
447617710
421796132
394532740
366613978
338564142
310973065
284496117
259395446
236064274
214764749
195693482
178850473
164301259
151980303
141822068
133564406
127207317
122357579
118818581
116393712
114689750
113510084
112592566
111609511
110233234
108267124
105449033
101516813
96208316
89326931
80741584
70255664
57738097
43123346
26280337
7209070
12714178
33554944
52167452
68486165
82642157
94700965
104662589
112854714
119277340
124258152
127862687
130418630
132188129
133367795
134285313
135137294
136316960
138020922
140576865
144246937
149227749
155846986
164235722
174656105
187173672
201919497
218893580
238030384
259329909
282464470
307237456
333321182
360125815
387258133
413997229
439687733
463674275
485301485
503848456
518659818
529342349
535437290
536682493
533143495
524820296
512040581
495132035
474684491
451287782
425662815
398464960
370480661
342234214
314512063
287641893
262213537
238489143
216796396
197331907
180095676
165153240
152504599
142018679
133498869
126879632
121833283
118228748
115672805
113968843
112854714
112002733
111150752
109971086
108201587
105645644
101975572
96994760
90506597
82314472
72221774
60097429
45875900
29426113
10748068
8519810
29819335
48825065
65537000
80086214
92472707
102827553
111216289
117901063
123078486
126814095
129501112
131336148
132515814
133302258
134088702
135071757
136579108
138872903
142149753
146802880
153028895
161089946
171051570
183110378
197397444
213978305
232721887
253628190
276500603
301076978
327029630
353834263
381032118
408033362
434182625
458693463
480976043
500243921
515907264
527507313
534585309
536813567
534192087
526786406
514727598
498539959
478616711
455613224
430250405
403183624
375133788
346821804
318771968
291639650
265818072
241634919
219483413
199494628
181799638
166463980
153356580
142477438
133629943
126748558
121440061
117638915
115017435
113247936
112133807
111347363
110626456
109577864
108070513
105776718
102434331
